version https://git-lfs.github.com/spec/v1
oid sha256:91e94ebacac179d067d4f3659cf10ba9f3fccf45f1bdbd5990d3caf145cb3c72
size 3927
